ready
Importance: 0.00287
Complexity: 0
Rank: 0.0

[1]enable
Importance: 0.00519
Complexity: 1
Rank: 0.00519

[1]count_ready
Importance: 0.0061
Complexity: 2
Rank: 0.00305

[1]rst
Importance: 0.00807
Complexity: 1
Rank: 0.00807

