[1]Reset
Importance: 0.10606
Complexity: 1
Rank: 0.10606

[1]MTxEn_dl1
Importance: 0.09081
Complexity: 1
Rank: 0.09081

Tx_en
Importance: 0.02755
Complexity: 0
Rank: 0.0

