Reset
Importance: 0.17742
Complexity: 3
Rank: 0.05914

[1]Crs
Importance: 0.10042
Complexity: 4
Rank: 0.0251

MCRS
Importance: 0.04128
Complexity: 0
Rank: 0.0

Crs_dl1
Importance: 0.077
Complexity: 2
Rank: 0.0385

