[1]enable
Importance: 0.03586
Complexity: 1
Rank: 0.03586

[1]opa
Importance: 0.03586
Complexity: 2
Rank: 0.01793

[1]rst
Importance: 0.05549
Complexity: 1
Rank: 0.05549

sign
Importance: 0.01963
Complexity: 0
Rank: 0.0

