cmd
Importance: 0.26348
Complexity: 6
Rank: 0.04391

bit
Importance: 0.26348
Complexity: 6
Rank: 0.04391

cmd_bits
Importance: 0.19405
Complexity: 2
Rank: 0.09702

cmd_active
Importance: 0.11097
Complexity: 0
Rank: 0.0

