opa
Importance: 0.01478
Complexity: 3
Rank: 0.00493

opb
Importance: 0.01478
Complexity: 3
Rank: 0.00493

sign
Importance: 0.00833
Complexity: 0
Rank: 0.0

