[1]MdcEn_n
Importance: 0.14199
Complexity: 1
Rank: 0.14199

[1]Reset
Importance: 0.24091
Complexity: 1
Rank: 0.24091

MdoEn
Importance: 0.09892
Complexity: 0
Rank: 0.0

[1]MdoEn_d
Importance: 0.19628
Complexity: 3
Rank: 0.06543

