length_65_127
Importance: 0.04458
Complexity: 0
Rank: 0.0

[1]frame_cnt
Importance: 0.08493
Complexity: 5
Rank: 0.01699

[1]reset
Importance: 0.12951
Complexity: 1
Rank: 0.12951

[1]get_terminator
Importance: 0.08493
Complexity: 5
Rank: 0.01699

