[1]enable
Importance: 0.01962
Complexity: 1
Rank: 0.01962

[1]rst
Importance: 0.03187
Complexity: 1
Rank: 0.03187

inexact
Importance: 0.01225
Complexity: 0
Rank: 0.0

[1]inexact_trigger
Importance: 0.03135
Complexity: 2
Rank: 0.01568

