q
Importance: 0.68421
Complexity: 2
Rank: 0.34211

rst_n
Importance: 1.52632
Complexity: 3
Rank: 0.50877

q_bar
Importance: 0.26316
Complexity: 0
Rank: 0.0

