rx_data_done
Importance: 0.01059
Complexity: 3
Rank: 0.00353

int_crc16_set
Importance: 0.00583
Complexity: 0
Rank: 0.0

crc16_err
Importance: 0.01059
Complexity: 3
Rank: 0.00353

