ready
Importance: 0.00382
Complexity: 0
Rank: 0.0

[1]enable
Importance: 0.00663
Complexity: 1
Rank: 0.00663

[1]count_ready
Importance: 0.00781
Complexity: 2
Rank: 0.00391

[1]rst
Importance: 0.01046
Complexity: 1
Rank: 0.01046

