dma_en
Importance: 0.00485
Complexity: 0
Rank: 0.0

CTRL_ep
Importance: 0.00963
Complexity: 3
Rank: 0.00321

csr
Importance: 0.01439
Complexity: 5
Rank: 0.00288

